"V1" "b_ADNI1" "se_ADNI1" "t_ADNI1" "pval_ADNI1" "b_ADNI2GO3" "se_ADNI2GO3" "t_ADNI2GO3" "pval_ADNI2GO3" "b_AIBL" "se_AIBL" "t_AIBL" "pval_AIBL" "b_ARWIBO" "se_ARWIBO" "t_ARWIBO" "pval_ARWIBO" "b_OASIS" "se_OASIS" "t_OASIS" "pval_OASIS" "TE.random" "seTE.random" "pval.random" "Q" "pval.Q" "TE.fixed" "seTE.fixed" "pval.fixed"
"L_bankssts_surfavg" -0.042382752252363 0.0268253863881585 -1.57994936733034 0.115032174949264 -0.0310577548374099 0.0147110020105863 -2.11119234536574 0.035111732669105 -0.03048801150742 0.0166229456862035 -1.83409198844487 0.0672332675209808 -0.00806077509099216 0.0109992290482885 -0.732849098387166 0.463857882497956 -0.036787271249208 0.0151251124357219 -2.43219820054529 0.0151847594575973 -0.0252801205306871 0.0075238880141616 0.000779478420892344 3.66531677572763 0.453190479440554 -0.0242598709831678 0.00670156923254504 0.000294570676135802
"L_bankssts_thickavg" -0.0706423811376658 0.029588262164738 -2.38751369527388 0.0174989937973878 -0.0211394605932421 0.017534964494123 -1.20556050172369 0.22839669043466 -0.0144396177491933 0.0189263337893999 -0.762937920775788 0.445859495971738 -0.0601801965545211 0.0147041216072265 -4.09274339277396 4.68035749449049e-05 -0.00333591253424557 0.0156016516636834 -0.21381790890837 0.830733309094364 -0.0310625429505653 0.0127026198394135 0.0144705580447491 9.95055548687347 0.0412688557133015 -0.0302644733978072 0.00792562939873369 0.000134234173969738
"L_caudalanteriorcingulate_surfavg" 0.0155791865202079 0.0252453951951441 0.617110027384499 0.537568029605114 0.0235550220627169 0.0147379886557121 1.59825215047832 0.110440726154039 0.0259959629568332 0.0158764945298731 1.63738682414555 0.102177577592863 0.00458208389801734 0.00967181050677804 0.473756583093331 0.635798388482637 0.0124795435760299 0.013646419458265 0.914492157755831 0.360682098691574 0.0134357046421498 0.00617799667605459 0.029647564872867 1.94739908972637 0.745433148862073 0.0134357046421498 0.00617799667605459 0.029647564872867
"L_caudalanteriorcingulate_thickavg" 0.0441242425529119 0.0225105984606225 1.96015413051314 0.0507799903759006 0.0202708851301277 0.0129082461450998 1.57038259901969 0.116780606756854 0.0333798276064293 0.0148774207110643 2.24365689824211 0.0252905378348578 0.00788008379472344 0.0107896498805733 0.730337303058505 0.465390617022908 0.00465139884419328 0.0129712704517306 0.358592387808298 0.719976883883453 0.016840004561809 0.00609178578337122 0.00570312583996157 4.34826003457135 0.360920909181512 0.0168309514313855 0.00608284921180329 0.00565830958866704
"L_caudalmiddlefrontal_surfavg" 0.0514251410483594 0.0287462362518423 1.78893475298227 0.0744999776429583 0.0336432976933715 0.0163462649247245 2.05816422579108 0.0399461599187954 -0.00100608071931137 0.0191686003521827 -0.0524858727724899 0.958162472233719 0.000470339089834662 0.0116614937113198 0.0403326624768579 0.967837636914826 0.0347176200457984 0.0168197807347437 2.06409468668542 0.0392701525583639 0.0193671546846241 0.00982522599307277 0.0487048535208347 6.47112883471867 0.166618614521275 0.0167855710917022 0.00733977070834585 0.0221996764610736
"L_caudalmiddlefrontal_thickavg" 0.0418307689720268 0.0364937343153015 1.14624523241754 0.25248579899051 0.00631580219012855 0.0205079434601371 0.307968578244087 0.758198382452296 0.0324829799391727 0.0224577314296627 1.44640521866195 0.148688893529336 0.0339962216065 0.0210784846750364 1.61283992329687 0.107160334248969 0.0176566209767292 0.01907558470813 0.92561361797754 0.354873529644006 0.0233300398072654 0.00994534881365401 0.0189850603113686 1.45593290056799 0.83441767266238 0.0233300398072654 0.00994534881365401 0.0189850603113686
"L_cuneus_surfavg" 0.0115752733820303 0.0283003407614955 0.409015335878191 0.682781462218023 0.0150743567658429 0.0154484508905876 0.975784360037506 0.329510358633108 0.0167523616723736 0.0172453724445536 0.971411996246232 0.331811906018444 -0.00119418965075095 0.0105595395195474 -0.113091072630612 0.909985765421444 0.0196932368454776 0.0151543132988439 1.29951364058046 0.194071770640304 0.00944625161567023 0.00672309840443853 0.160008082347166 1.79046551743732 0.774226277515086 0.00944625161567023 0.00672309840443853 0.160008082347166
"L_cuneus_thickavg" 0.0730873624168479 0.0247577499079084 2.95210036003722 0.0033717073195872 0.0854803347062543 0.0154371772758483 5.5373034317608 4.35609760888403e-08 0.0279389300644652 0.0153939967878453 1.81492372965318 0.0701334692103171 0.0241768723783154 0.0110918069148567 2.17970548567089 0.029560377348271 0.0454627307790361 0.0138355405958858 3.28593815788847 0.00105230638172596 0.0486421596793786 0.0122935738029771 7.59877098783163e-05 12.8942869274272 0.0118040459101262 0.0440109970339692 0.00653722291501444 1.66922631840549e-11
"L_entorhinal_surfavg" -0.123506387768091 0.0245867230756953 -5.02329600361347 8.15522694320165e-07 -0.014657973331425 0.0140336642557836 -1.04448653354266 0.296622973437539 -0.0457716297900157 0.0163185975716418 -2.80487520996025 0.00522920486159678 -0.0245879000506379 0.00968850192740436 -2.53784333582986 0.0113360741748056 -0.0172327897603827 0.0134918663679453 -1.27727249073007 0.201807045089567 -0.0413411449406229 0.017729097793286 0.0197099245833185 17.7979787476049 0.0013514776827576 -0.0303083455664293 0.00612747933429193 7.56377087776807e-07
"L_entorhinal_thickavg" -0.233940695291337 0.0221466533483379 -10.5632526780347 8.58473487681543e-23 -0.213965045650279 0.0132978506017703 -16.0901977363015 9.24237629807724e-50 -0.112764586499146 0.0160291739952685 -7.0349592893827 6.57756975952111e-12 -0.0537716250218713 0.0114921498277524 -4.67898746777721 3.36644639077028e-06 -0.0913468065813101 0.0140419637169857 -6.5052729391982 1.23185854695661e-10 -0.14021538199102 0.0351024978446043 6.48429702540007e-05 113.654005609468 1.20914098443153e-23 -0.123662552480567 0.00642435449525612 1.43847955603114e-82
"L_frontalpole_surfavg" 0.00940644402342451 0.0235751661212559 0.398997995392424 0.690140822276139 0.00815195882645902 0.0143126370822659 0.569563720480255 0.569157416005652 -0.0176379855987348 0.0159166221725776 -1.10814878983073 0.268329266448642 0.0266364180309962 0.0097565775112473 2.7300985412446 0.00646602071679132 0.00219981719755425 0.0140263150446182 0.156835005527579 0.875407023568694 0.00800098538553444 0.00834813429312242 0.337853035817159 6.23957338783204 0.181956923276037 0.0106079153776687 0.00617610655896202 0.0858744841008451
"L_frontalpole_thickavg" 0.0205922954539453 0.0243598982647185 0.845335856093045 0.398507525863463 -0.00125188939154008 0.0145060076194008 -0.0863014431252446 0.9312516121036 0.0289403079896157 0.015081534117454 1.91892335118102 0.0555618642356286 0.00748198451945905 0.0110181675671361 0.679058879243731 0.497290320318788 0.0105203946110915 0.0132076430370851 0.796538381719724 0.425911114277838 0.0112050883769411 0.00634951804635059 0.0776117123909276 2.38568355740049 0.665216012528281 0.0112050883769411 0.00634951804635059 0.0776117123909276
"L_fusiform_surfavg" -0.0598699911353196 0.0342699553451456 -1.74701106354959 0.0815226803983687 -0.046060012299423 0.019022675092212 -2.42132150584227 0.0157188674056632 -0.0982438534172846 0.0223823710669992 -4.38934075050415 1.38745864575472e-05 -0.0170510156723767 0.0137057655093463 -1.24407612699554 0.213823612624509 -0.0395140008085611 0.0205518885652363 -1.92264573073832 0.0548126666401271 -0.048583225038713 0.0145168063493965 0.000817831324794892 9.96017010970043 0.0411039825244279 -0.0420003769314731 0.00867042370604166 1.27188532263212e-06
"L_fusiform_thickavg" -0.1238992714551 0.0348492781823731 -3.5552894612827 0.000430070466892303 -0.0884810431712379 0.0200343522461793 -4.41646638154282 1.16298742015254e-05 -0.0397770568446884 0.0220402057201562 -1.80474979905979 0.0717141659037035 -0.114210210868126 0.0185526593166471 -6.15600216221544 1.16180706696759e-09 -0.080238411754305 0.0178847569236062 -4.48641332376163 8.09660612699946e-06 -0.0868075292557617 0.0136579177364833 2.07291751591093e-10 8.00882452925224 0.0912554749926994 -0.086541848988751 0.00936379550790664 2.41533710669248e-20
"L_inferiorparietal_surfavg" -0.0513943148457013 0.0305415788978344 -1.6827654856228 0.0933225910997129 -0.0182298797760209 0.0172202303559165 -1.05863158617721 0.290134858411838 -0.0379777888590918 0.0188674622494847 -2.01287212646359 0.0446625520314608 -0.0148337292321108 0.0123073644986171 -1.20527260192689 0.228442424202501 -0.0439619462974315 0.0170018849585903 -2.58571013769973 0.00986048729390844 -0.0273334217418992 0.00759960587702108 0.000322292963571193 3.20645918503495 0.523888309414539 -0.0273334217418992 0.00759960587702108 0.000322292963571193
"L_inferiorparietal_thickavg" -0.000318270913321472 0.0393350837449663 -0.00809127331175954 0.993548831520251 -0.00455193290850001 0.021556870674013 -0.211159262275827 0.832824808619327 -0.0716465392321411 0.0269553831090842 -2.65796775887765 0.00811256801022512 -0.0821984890061208 0.0216658392147361 -3.79392130585983 0.000159080909864839 -0.0232710955964596 0.0214026042600087 -1.08730205510281 0.27716932802009 -0.0387462123450611 0.0171668978540744 0.0240061679318701 9.50162877446408 0.0497137904815987 -0.039411292730758 0.0108542300991328 0.0002823671945117
"L_inferiortemporal_surfavg" -0.14408659827164 0.0331651182669675 -4.34452237172181 1.83663258292503e-05 -0.0890636008406725 0.0180623514093104 -4.93089735784699 1.02446762358648e-06 -0.0613967034788219 0.0217103484580283 -2.82799253994092 0.00487165884577526 -0.0110429761247563 0.0137548773879373 -0.802840753378199 0.422297168240469 -0.066933712019657 0.0191369206692286 -3.49762185758985 0.000490391671125003 -0.0694722931226684 0.0202836988464864 0.000614729745016653 21.4604015393562 0.000256589252415569 -0.054945122445264 0.00841793583420174 6.70333036890523e-11
"L_inferiortemporal_thickavg" -0.194061151006924 0.0327040352080266 -5.93385953056019 7.1851961754328e-09 -0.114066880967734 0.0175325608930343 -6.50600226992812 1.47513553767325e-10 -0.0402451321932094 0.0215184781580963 -1.87025922082074 0.0620307039696343 -0.0803041128248266 0.0178190305635626 -4.50664880664368 7.53368581035436e-06 -0.0556246164950168 0.0157234326365826 -3.53768911539068 0.000422469627859271 -0.0930278928728947 0.0246258846933328 0.000158317230054484 21.6709080693569 0.000233027420045495 -0.0825089726321455 0.00859324679498783 7.87080932311595e-22
"L_insula_surfavg" -0.00900572943580569 0.0342015918416237 -0.263313166168062 0.792465948382385 0.0120633424964995 0.0181785898459273 0.663601665406524 0.507165033131836 0.0572127860376337 0.0195915296493979 2.92028172692438 0.00365474651373439 -0.00936032401006948 0.0130869646128716 -0.715240262884427 0.474662218150623 0.0287324226477562 0.0163303808729098 1.75944595973385 0.0788122086708339 0.0169512264776128 0.0126742291365976 0.181073766687772 9.32681802312304 0.0534299941878489 0.0143672658840235 0.00788726285100719 0.0685190147212069
"L_insula_thickavg" -0.0382483915755766 0.0257009349070475 -1.48821012597049 0.137606300118085 -0.0130580551060683 0.015519497599089 -0.841396767047077 0.400414684515672 0.0018951175972262 0.0168940272173707 0.112176781346582 0.91072816852158 -0.0844822645958497 0.0202428605812394 -4.17343508625189 3.31774817513981e-05 -0.00174034814078991 0.0145045687927371 -0.119986203358307 0.904518545266043 -0.0249421301747973 0.0157312740288381 0.112849959903873 14.1123963012652 0.00694483959950374 -0.0195512781284663 0.00781747094908085 0.0123852872829733
"L_isthmuscingulate_surfavg" -0.0691804220607216 0.0295416606996994 -2.34179191088691 0.0197581589129404 0.0167177723328783 0.016806527215165 0.994719023082497 0.320218634194071 -0.0135846275665289 0.0183911515771592 -0.738650187810982 0.460465325301574 -0.0174095023814424 0.0114426576023097 -1.52145620244097 0.128527174407788 -0.0132966228296848 0.016625635178862 -0.799766305866634 0.424039034410592 -0.0130868782299492 0.00876727728050205 0.135516825638638 6.89205165014339 0.141703957927154 -0.0127694284296398 0.00727432984329993 0.0791892714252397
"L_isthmuscingulate_thickavg" -0.00179055763370663 0.0265496263266491 -0.0674419146874908 0.946268856661641 -0.034223837472609 0.0141147314030502 -2.42468924808679 0.0155750587421132 -0.0456117130477791 0.0166148907803144 -2.74523098892835 0.00626408174749537 -0.0117893272759737 0.0121726878377535 -0.968506498573735 0.333074284341954 -0.0312191795847951 0.0131293330767023 -2.37781914758434 0.0176053598286343 -0.026584499839789 0.00678420984953418 8.90704889559314e-05 4.07838043104343 0.395502127682297 -0.0265461490806431 0.00665034945730484 6.56034446056069e-05
"L_lateraloccipital_surfavg" 0.0150587886568547 0.0346983143672697 0.433991936826171 0.664564783138085 -0.0186037818911599 0.0175367855425542 -1.06084332536407 0.289129088514963 -0.0440088351996694 0.0211359515330646 -2.08217903654931 0.0378329826321032 -0.0324724446866135 0.013115313675294 -2.47591826551458 0.0134883480552131 0.0145827190210379 0.0182417182495659 0.799415867602544 0.424242042475339 -0.0172380636262134 0.0112225253746004 0.124532596719608 6.80750558648567 0.146417125288404 -0.0192514272346927 0.0081272791670425 0.0178487010106915
"L_lateraloccipital_thickavg" 0.109097460356392 0.0284819151541129 3.83041167583277 0.000151875136921931 0.104771599359569 0.0198806137925135 5.27003846325023 1.82135915688076e-07 0.0357176665479566 0.0216619028874877 1.64887021853412 0.0998010927617069 0.00760587400322872 0.0157544158543512 0.482777278037132 0.629381498757185 0.0174298817019079 0.0173806527767189 1.00283239794393 0.316188022009512 0.0523509188173028 0.0214574696949292 0.0146973208776538 22.3625978589139 0.000169713806898399 0.042622297829745 0.00869294818118115 9.43412567156736e-07
"L_lateralorbitofrontal_surfavg" 0.0055025066891825 0.0369703965183698 0.148835479393585 0.881770161237485 -0.000162810694364294 0.020372022325814 -0.00799187688686127 0.993625762803129 0.0622687431671445 0.024288774394267 2.56368403594057 0.0106474360080499 0.0167993712446213 0.0161478071925597 1.0403500019719 0.298481003637462 0.0229557139064496 0.0205033084446912 1.11961023111825 0.263152827043028 0.0206529706582962 0.00951300144364377 0.0299292294131885 4.21719429406494 0.377409074811139 0.0206529706582962 0.00951300144364377 0.0299292294131885
"L_lateralorbitofrontal_thickavg" 0.0157080231751819 0.0279957086339338 0.561086821576005 0.575101539611796 -0.00650239522407081 0.0168731235160657 -0.385369977163953 0.700081069060416 0.0366705201895813 0.0187287186878874 1.95798339441648 0.0507865610937519 0.00402958545072329 0.0162722394424056 0.247635579908084 0.804477773131881 -0.0197666708441822 0.0147810023331598 -1.33730246424746 0.181432651121523 0.00318740027044303 0.010185870910086 0.75433864181329 6.10284894965793 0.191597984392992 0.001656406100366 0.00790742118949853 0.834077543680311
"L_lingual_surfavg" 0.00452407440445526 0.0294350188293512 0.153697010716503 0.877938244273529 -0.00386786934493215 0.0155116907974326 -0.249351885325894 0.803162169108517 0.00875261168454378 0.0174743266349095 0.500884060794547 0.616672700939189 -0.00607959892264536 0.010717150245852 -0.567277567560315 0.570679376544368 0.0107321773342305 0.0156595918846318 0.68534208383572 0.49328933277003 0.000404488357142609 0.00684073257818249 0.952849048281788 1.12468530172993 0.890336091400084 0.000404488357142609 0.00684073257818249 0.952849048281788
"L_lingual_thickavg" 0.048036280452276 0.0285316790256227 1.68361211441981 0.0931585893837637 0.0595412861546048 0.0161144875902218 3.69489168186359 0.000237249940283257 0.0293127355956163 0.0162761844985774 1.80095867051509 0.0723106209834703 -0.00815309379234128 0.0142474445352967 -0.572249554798601 0.567308252660884 0.0271102382205506 0.0145636134262344 1.86150493199134 0.0629706014140461 0.0288362429551938 0.0123388386611104 0.0194375954184857 10.7206316394809 0.0298898062015469 0.026309502217131 0.00735307889424078 0.000346199965007095
"L_medialorbitofrontal_surfavg" 0.00612225973807045 0.0330930872448045 0.185001166339705 0.853336513535447 0.00538557253318524 0.0183539218207314 0.293428978601294 0.769281749010716 0.00576651376393593 0.0204579931591275 0.281870940081097 0.778158866085105 -0.00764877044659232 0.0124593760185485 -0.613896750142659 0.539452178545676 -0.013458986414418 0.0177559530779846 -0.757998534649523 0.448633168615512 -0.0035635780426405 0.00793435510930838 0.653335959016303 0.949488072922006 0.917356058040341 -0.0035635780426405 0.00793435510930838 0.653335959016303
"L_medialorbitofrontal_thickavg" -0.0672193431169022 0.0257120064712563 -2.61431729149755 0.00933141899417424 -0.00455253543625944 0.0150881416229908 -0.301729368003973 0.76294851007612 0.0144706757205964 0.0163167699842489 0.886859086361172 0.375580287361743 -0.00183655148643803 0.017069067100608 -0.107595305332921 0.914342786421249 -0.0273753784132109 0.0134479375659221 -2.03565626915028 0.0420520929813068 -0.0135177922885751 0.0113114992884464 0.232068011345294 9.14932523991348 0.0574735279284277 -0.0120816797684572 0.0073278004565342 0.0991997357420966
"L_middletemporal_surfavg" -0.0921718777146067 0.0340500733209693 -2.70695093210986 0.00712724653482379 -0.0760996617022281 0.0185766477275214 -4.09652283977404 4.68745958356203e-05 -0.0566857618085984 0.0222011843038197 -2.55327648439213 0.0109666356539899 -0.0275226398206135 0.0151146229131748 -1.82092798336525 0.0689785942575185 -0.101147561439477 0.0199077797737569 -5.08080572464503 4.49499816193188e-07 -0.0672895377517764 0.0146352412271689 4.27027976006334e-06 10.4874613926062 0.0329701449800305 -0.0623120512829895 0.00887718855627087 2.22910357441742e-12
"L_middletemporal_thickavg" -0.207012575449767 0.0351736117830648 -5.88545119354045 9.38300346435161e-09 -0.133833117621799 0.0195047369232224 -6.86156999443845 1.50737458615665e-11 -0.0771208258318697 0.0230708160197076 -3.34278708503382 0.000891461689412044 -0.0849538946998515 0.0197029855144942 -4.31172700387749 1.81492020143676e-05 -0.102522407443959 0.0187971225775662 -5.45415432712646 6.22327833426623e-08 -0.115736977800423 0.0196205848470825 3.66259705218292e-09 12.9016007420452 0.0117667336387402 -0.109403857152736 0.0096575438358082 9.49972008995705e-30
"L_paracentral_surfavg" 0.0572044726546142 0.031096395968322 1.83958529190613 0.0666856877424161 0.0380510664124393 0.0168798483580063 2.25423034647057 0.0244918673133994 0.0555794474280093 0.0194649115472856 2.85536604124769 0.0044770544480453 0.0376043846980924 0.0119791486914636 3.13915334608789 0.00175444614855987 0.020564761119075 0.0168036069418202 1.22383016874158 0.22130896052277 0.0381092265967913 0.007517877599202 3.99602543168057e-07 2.27453654522738 0.685408843366635 0.0381092265967913 0.007517877599202 3.99602543168057e-07
"L_paracentral_thickavg" 0.109126436169878 0.0293271674336896 3.7210015735962 0.000231494010853596 0.0839147307936503 0.0163319266222032 5.13807909714512 3.60887799487872e-07 0.0384003198597222 0.0204994704661778 1.87323472199339 0.0616179828659374 0.109502360748912 0.0161494354448705 6.78056896308986 2.27539289033915e-11 0.0633670362020723 0.0155922713794652 4.06400290630688 5.20792498847305e-05 0.0795987348991733 0.0130642241107602 1.10897984150148e-09 9.63499626312327 0.0470460750837088 0.0796229436729987 0.00810070450752674 8.43374233635371e-23
"L_parahippocampal_surfavg" -0.0675538891912275 0.0267101856899479 -2.52914337531733 0.0118777990857416 -0.0392155971547955 0.0147707667953387 -2.65494660488249 0.00811347073899772 -0.0449207772645457 0.0184205145940016 -2.43862770691398 0.0150894354065963 -0.00434613095327202 0.0100427754477537 -0.43276193676561 0.665300424337306 -0.0448233857004693 0.0149455233101799 -2.99911784754561 0.00277568750725656 -0.0350471425717264 0.0109193410180168 0.00132901779804137 10.4275853891927 0.0338092364792936 -0.027892983937997 0.00654782594473729 2.04532332015823e-05
"L_parahippocampal_thickavg" -0.131357544807961 0.0222278217532275 -5.90960042177266 8.21509803879491e-09 -0.0713063233308846 0.0132913963517176 -5.36484816523206 1.10413980965706e-07 -0.0403626961815064 0.016056607120832 -2.51377491382594 0.0122571481748952 -0.0398883922643857 0.0103126562855774 -3.86790669249502 0.000118386665971824 -0.0121671332599351 0.0132414452345124 -0.918867468350263 0.358389848318568 -0.0567117851467887 0.0189592032171639 0.00277834642072604 25.3028250165964 4.37259193496547e-05 -0.0476392233836032 0.00612340316439414 7.26044725624757e-15
"L_parsopercularis_surfavg" 0.0410984852211014 0.0246715170378488 1.66582724353966 0.0966528836946638 0.0170413336626971 0.0160386378095858 1.0625175195684 0.288369329847502 0.0407654287244478 0.0171077383483271 2.38286487053002 0.0175503668120856 -0.00381132397905254 0.0101732453163702 -0.374641902414325 0.708022735517828 0.012990132454281 0.0148914624419807 0.87232080159302 0.383245975984179 0.01670315988595 0.00916097607722265 0.0682587560890121 6.7239840118521 0.151213403631264 0.0127517331132868 0.00657682958312173 0.0525150301196696
"L_parsopercularis_thickavg" 0.0702790582579412 0.031628987911435 2.22198251979264 0.0269308041917897 0.0666124676975986 0.0180037553040825 3.6999207427849 0.000232686928400111 0.0388203848614389 0.0194742229695957 1.99342407253155 0.0467568234111336 0.0164157811102059 0.0186275650657757 0.881262851706071 0.378431302331674 0.0415078928045545 0.0167414186756122 2.47935336955765 0.0133284603805601 0.0437210993705037 0.00948524792747079 4.03874166272036e-06 4.55082423938527 0.336563506721585 0.0435433501436302 0.00871331503511544 5.81281779363008e-07
"L_parsorbitalis_surfavg" 0.0300771841049415 0.0303431825409371 0.991233667212175 0.322264176561092 -0.0149134452640065 0.017363739739069 -0.858884404403431 0.390699994336077 0.0290045541634115 0.019005588771785 1.52610658431538 0.127614345165512 0.0220393551186617 0.0119806462959809 1.83957981682967 0.0661877876585465 -0.0216998952604239 0.0165648347951479 -1.30999768659209 0.190502039164949 0.00697186538401377 0.0113409688530434 0.53871955557648 8.07900367236225 0.0887266839667039 0.00775835119657016 0.0074989774730621 0.300861417140393
"L_parsorbitalis_thickavg" -0.0066279982022547 0.0273133438108532 -0.242665205994332 0.808408547072288 0.0327139987865294 0.0146262150850519 2.23666878931402 0.025623962270124 0.0837868740517536 0.0178446164274429 4.69535864737889 3.4406684020052e-06 -0.0036836312917833 0.0124025334584921 -0.297006357943835 0.766536146124539 -0.0112129645018317 0.0134264008060937 -0.835142989083314 0.403839719355778 0.0191760622963818 0.0178919388277555 0.283822873360181 23.0336498065024 0.000124681113565285 0.0151395389779092 0.00686743908435978 0.0274864430888136
"L_parstriangularis_surfavg" -0.00794714255398478 0.0259302124136138 -0.306481968879375 0.759422052069401 0.00225428625462048 0.0160532906063904 0.140425181970051 0.888364691558238 0.0116756485966068 0.0170104977734154 0.686379008546938 0.492791671608245 -0.00472979968568443 0.0102796274445285 -0.460113920587845 0.645555251393051 -0.00433984845204284 0.0146538396665461 -0.29615776825718 0.767172026256548 -0.0012069381372748 0.00660187257770644 0.854941181672275 0.850758561199402 0.931516532847438 -0.0012069381372748 0.00660187257770644 0.854941181672275
"L_parstriangularis_thickavg" 0.0685091676497188 0.0290614972511084 2.35738603065628 0.0189604286931413 0.0289119681163167 0.0175244510539559 1.64980734787639 0.0994335393128961 0.0662102391166369 0.0183113807679975 3.61579718949165 0.000329731293395982 0.0169034590428592 0.0167089575958372 1.0116405494422 0.312005477264023 0.0313110673841093 0.0155466187352285 2.01401140128038 0.044279827460876 0.0380658524609286 0.00956026863287873 6.84322171805086e-05 5.51325196713392 0.238567074398838 0.0371695606695189 0.00812664850930899 4.78986409827571e-06
"L_pericalcarine_surfavg" 0.0164101753826176 0.0245082477285144 0.669577668889197 0.503573622351892 0.0231137796646431 0.014029820693476 1.64747505828005 0.0999117945557072 0.0183220331114102 0.0158275255054727 1.15760566015672 0.247576577100577 0.000705088466225399 0.00916744619760858 0.0769122011765205 0.938711971605816 0.0169850989538942 0.0133441292377021 1.27285180256686 0.203370979208095 0.0116106929803194 0.00611599037497874 0.0576413251589249 2.46632134842431 0.650676460022637 0.0113855590635971 0.0059494538969946 0.0556565835463403
"L_pericalcarine_thickavg" 0.0656524876903046 0.0231177526588748 2.8399165203933 0.00477940614792779 0.0715022726999598 0.0161720241618273 4.42135579222884 1.13768013229724e-05 0.0264204964038718 0.0149219175676318 1.77058318973578 0.0772380674080999 0.0215718258071859 0.0127252074077101 1.69520426001981 0.0904126524516385 0.0394926199657129 0.0127975445756654 3.08595291324935 0.00208568236151384 0.0418417442444636 0.00974181111680014 1.74639551409251e-05 7.94876797526886 0.0934730194584311 0.0395800137001514 0.0066715385479118 2.98053756619053e-09
"L_postcentral_surfavg" -0.0222750614382129 0.0352142992485364 -0.632557282511839 0.527440585029508 0.0617309541163748 0.0197570703437237 3.12449938388689 0.0018550470696177 0.0462366232029699 0.0213036992072192 2.17035655419419 0.0304488856937181 0.0384945241804172 0.0138152550418567 2.78637810621581 0.00545196829046774 0.0565453904092026 0.0201597023279308 2.80487228875697 0.0051326937269616 0.043916717813606 0.00871891886605468 4.73019767433097e-07 4.90452665899167 0.297234682327892 0.0439193615021508 0.0086803670900143 4.20092180767547e-07
"L_postcentral_thickavg" 0.119764376699562 0.0318698487604474 3.75792108709965 0.000201026376448373 0.136999627189581 0.0214089051838944 6.39918884281128 2.86903457141713e-10 0.0707764447708357 0.0214553298629754 3.29878147867453 0.00104012404865917 0.11711360355503 0.015058649672208 7.77716502504028 2.20276370586641e-14 0.0910717674396583 0.0173191805533421 5.25843397493101 1.78191689520204e-07 0.106158420741276 0.0113928427304156 1.18562482750654e-20 6.26486486400426 0.180221932033595 0.106298851559989 0.00874290864977884 5.18299365964185e-34
"L_posteriorcingulate_surfavg" -0.0361697286466172 0.0285233167665301 -1.26807583222788 0.205623477856759 0.0161879879155194 0.0174241476872012 0.929054792585934 0.353182784144523 -0.00273304424034939 0.0184618679982921 -0.148037253900972 0.882372928374731 -0.0119079716840765 0.0108828088333437 -1.09420020754125 0.274185386199399 -0.0121630852491802 0.0155098105121436 -0.784218816835768 0.43310027150807 -0.00749166173673492 0.00706095388980787 0.288690566697425 3.17962950685441 0.528227401123805 -0.00749166173673492 0.00706095388980787 0.288690566697425
"L_posteriorcingulate_thickavg" 0.061158350350752 0.0251155831053451 2.43507586880339 0.0153933530192409 0.00182852163883547 0.0139339478964501 0.131227822324592 0.895633009429322 -0.019778973395334 0.0164459105355592 -1.20266818626844 0.229672817390006 -0.0276056968029213 0.01383511526874 -1.99533551160904 0.0463335751095851 0.00365854533305715 0.0140009931196341 0.261306130343471 0.793911064729355 -0.000527513257142558 0.0124566476806123 0.966221336077449 11.0323416282228 0.0262029334917363 -0.00444703549909909 0.00694062598443744 0.52170109553784
"L_precentral_surfavg" 0.0554245037444316 0.0355363131738281 1.55965824235393 0.119754831020382 0.0800772771844886 0.0196456968828531 4.07607211197383 5.10855707497367e-05 0.0819362300618677 0.0231365310713473 3.54142242885058 0.000435136205029814 0.0282378442455921 0.0133853482521102 2.10960848487004 0.0351916521706597 0.076902188450784 0.0192051506146967 4.00424813080793 6.68903258409642e-05 0.0623196894092419 0.0130854089754723 1.91178113698291e-06 8.23444919219007 0.0833578598332164 0.0568933860140878 0.00859277777451576 3.56607231443048e-11
"L_precentral_thickavg" 0.12132044540661 0.0357645538757489 3.39219792390237 0.000773611730821824 0.080180259595338 0.020753118680923 3.86352821607687 0.00012219865461345 0.0377848734404506 0.0226946931188664 1.66492110038886 0.0965536907161158 0.174673494337018 0.0225788160497791 7.7361671201855 2.9770787661288e-14 0.0706858733868871 0.0195905735907325 3.60815741609146 0.000323883502953002 0.0955219823752929 0.0240731129219855 7.24799721221038e-05 21.2928972678706 0.00027701266281588 0.0916721628887067 0.0101996564475684 2.52298096942907e-19
"L_precuneus_surfavg" 0.0334917335284258 0.035528880210111 0.942662232256184 0.34651141867318 -0.006324075820168 0.020166862758833 -0.313587487344708 0.753928320757855 -0.0139310592569161 0.0219400508812005 -0.634960207355444 0.525744235074281 -0.0193326216804004 0.0136489336208691 -1.41641993560881 0.157028680682477 -0.00379734449018226 0.020303299410569 -0.187030906326758 0.851674916369835 -0.00997891665098001 0.00872965703027309 0.252994901031784 2.12466007691421 0.712843335710328 -0.00997891665098001 0.00872965703027309 0.252994901031784
"L_precuneus_thickavg" 0.039189933872703 0.0358069958704905 1.09447701266111 0.274507144817264 0.0137360811855825 0.0217640612713142 0.631135936181504 0.528158849515217 -0.0978947311497561 0.0237249633654135 -4.12623318493582 4.31796735173343e-05 -0.00886768305902377 0.0215600226962657 -0.411302120779292 0.680957448110775 -0.0210473583554202 0.0201682866758726 -1.04358682984208 0.296932638142418 -0.0173030179974693 0.0222112555696868 0.435967782728322 16.1842024813485 0.00278169395753322 -0.0199597321737828 0.0103821094104502 0.0545413379138206
"L_rostralanteriorcingulate_surfavg" 0.0301522953945238 0.0302164316051177 0.997877439287602 0.319036140751225 0.0215223807342672 0.0181988857772565 1.1826207932556 0.237363303467159 0.0242136293522655 0.0184958119863999 1.30914119207472 0.191086637101387 0.0178468315210609 0.012571082097655 1.41967345232675 0.156079141499754 0.000610515640188745 0.0159495762070751 0.0382778596912139 0.969473899542139 0.0164263588146688 0.00760361525610331 0.0307467183908369 1.45809107277918 0.834038267653726 0.0164263588146688 0.00760361525610331 0.0307467183908369
"L_rostralanteriorcingulate_thickavg" -0.038619301404374 0.0238642608888517 -1.61829027868259 0.106511235644698 -0.0124930956444731 0.0132396905001037 -0.943609342255787 0.345696746917021 -0.00215949187441742 0.0152993135853268 -0.141149592259389 0.887808502087236 -0.0253180301683596 0.0145056619943733 -1.74538950226335 0.0812880316831079 -0.0100773930206846 0.0136744133962525 -0.736952491391428 0.461326733172921 -0.0147721573081862 0.00676766677654189 0.0290538701195305 2.35425008886975 0.670910304739589 -0.0147721573081862 0.00676766677654189 0.0290538701195305
"L_rostralmiddlefrontal_surfavg" 0.0229725328583028 0.0375244942943222 0.612200998049925 0.540806879874079 0.00805774939570703 0.0224484607694012 0.358944405074325 0.719745539305046 -0.0132056108732803 0.0253046476931663 -0.521865035759676 0.601994941076242 -0.00423871330867079 0.0163276745120744 -0.25960300136656 0.795234553758514 0.0283053701180326 0.0209241557871262 1.35276043659777 0.176442604932763 0.00587213234870838 0.00985742910320159 0.551371467074748 2.31846281739691 0.677409659093479 0.00587213234870838 0.00985742910320159 0.551371467074748
"L_rostralmiddlefrontal_thickavg" -0.00807096524118345 0.0351939885562178 -0.229327949808563 0.818749530756727 0.0161714985183613 0.0209281051330522 0.772716804294971 0.439952322385093 0.0469530398569092 0.0224461681228817 2.0918064767164 0.036958694843847 0.0277362990814726 0.0222933740652665 1.24414989854256 0.213796479375207 -0.0211287663676519 0.0170979385008354 -1.2357493487662 0.216846375717654 0.0121874962429044 0.0134660847289416 0.365438259445237 7.00809679404765 0.1354609650603 0.0101951594684337 0.00975523780577209 0.295978628250256
"L_superiorfrontal_surfavg" 0.146972087660309 0.0419851104833602 3.50057641788411 0.000525003889561078 0.00585609641966339 0.0221784762533925 0.264044127863275 0.791824077806419 0.00140400299915955 0.0270574047710866 0.0518897880649611 0.958637193543378 0.0194958267497295 0.0156802403936484 1.24333723592826 0.214095514811455 0.0169317772521454 0.0215189599767571 0.7868306493638 0.431570274555771 0.027167799033175 0.0175008018665519 0.120572634660935 10.0380044235997 0.0397923454022854 0.0209024834062636 0.00990490794243412 0.0348311663553188
"L_superiorfrontal_thickavg" 0.103329104775217 0.0457843017369078 2.25686754750528 0.0246396977526841 0.0520942291725777 0.0228358091538658 2.28125173150516 0.0228347983860245 0.0505132052813544 0.0268040676755117 1.88453505985972 0.0600712725313656 0.0780904665110644 0.0282713299719799 2.76217873684969 0.00586892765156999 0.0349789412554154 0.0209990575934494 1.66573862182877 0.0960834539296809 0.0542778725721787 0.0116997199097647 3.49683516296278e-06 2.73075099639698 0.603844408631931 0.0542778725721787 0.0116997199097647 3.49683516296278e-06
"L_superiorparietal_surfavg" 0.0311170309142945 0.0313449510691718 0.992728648566898 0.321535944221694 0.0368168231120045 0.0184772216176914 1.99255190384 0.0467006686108868 0.0221278196824432 0.020692223848779 1.06937851843067 0.285414090169658 0.00634193041493255 0.0127547267981615 0.497221972315918 0.61916453044449 -0.000414809145413209 0.0175600953647305 -0.0236222604033435 0.981158700310997 0.0146007717277927 0.00798791801336722 0.0675710183777949 3.00607022210183 0.556810077530611 0.0146007717277927 0.00798791801336722 0.0675710183777949
"L_superiorparietal_thickavg" 0.0769987810981041 0.0328187899165465 2.34617977365713 0.0195307708062336 0.0724505454390644 0.022246249118185 3.25675330947545 0.00118160595815904 -0.0587818410106928 0.0239196165441952 -2.45747422004379 0.0143295075705764 0.0394341757611052 0.0169671358952667 2.32415040490752 0.0203585691839951 0.0268688668860827 0.0181638374962455 1.47925056539603 0.139393086120733 0.0303569238577145 0.0236208723353589 0.198731592462384 19.8069559365446 0.000545179123529124 0.0297785941507535 0.00944848477258933 0.00162334444910431
"L_superiortemporal_surfavg" -0.01008284961677 0.0348174333826743 -0.289591984163524 0.772301854949736 -0.0170314961324247 0.0191438674494997 -0.889658068170016 0.373956909961317 -0.0110386757208037 0.0241472686771331 -0.457139723270527 0.64776877322865 0.0121547967151114 0.0141761759585517 0.85741011896647 0.3914663666835 0.00320133732404766 0.0194188691527263 0.164857041822037 0.869090330432424 -0.000368241495847665 0.00880573787805153 0.966643500534953 1.84491290345252 0.764255836391754 -0.000368241495847665 0.00880573787805153 0.966643500534953
"L_superiortemporal_thickavg" -0.102435709664617 0.0335425570620525 -3.05390282187236 0.00243396390660825 -0.117795162988666 0.0213912846626367 -5.50668951614739 5.14758638564317e-08 -0.0325671668070125 0.0235321639116003 -1.38394271471815 0.1669922061814 -0.0133525502211423 0.0196948120986466 -0.677972968427554 0.497978242122736 -0.0334959433321482 0.0207394011546272 -1.61508729603192 0.106612037937536 -0.0576348539538625 0.0210837127376253 0.00626423364001127 17.0380280479599 0.00190033945270312 -0.0531106890489303 0.0101102939187401 1.49535849387704e-07
"L_supramarginal_surfavg" 0.00269745553428039 0.0310439812667638 0.0868914174087695 0.930808084786602 -0.0179630174834918 0.0176693996026896 -1.01661730943917 0.309688775419044 0.0130992623522438 0.020215255410928 0.647988961107194 0.517288935940667 0.0220693210743779 0.0121553156237788 1.81561069720024 0.0697917112921995 -0.028845948590169 0.017730763635943 -1.62688698481625 0.104080935411992 -0.000796652706966263 0.0113005573764347 0.943798277469113 7.33081337786507 0.119405301281179 0.0020996138763177 0.00775295114551208 0.786533480073845
"L_supramarginal_thickavg" 0.0186399807384832 0.0438998802510686 0.424602086198845 0.671390673646575 0.0238502495602653 0.0239051108576939 0.99770503898705 0.31876914492316 -0.0205013851020826 0.0285096214770314 -0.71910407925266 0.472412063828428 -0.0109359797416294 0.0215462844043411 -0.507557569388903 0.61189881731801 0.0453370089875086 0.0226615338016022 2.00061520038432 0.0457079539983656 0.011716873690174 0.0136095403160017 0.38927610603111 4.86548101471174 0.301380533001405 0.0119612722375447 0.0114704683815252 0.297046269978811
"L_temporalpole_surfavg" -0.0690083861890926 0.0260860685955846 -2.6454115129013 0.00853141760625215 -0.0352557161340169 0.0146981209692365 -2.39865464489018 0.0167175968626838 -0.00340424430392231 0.017816287187273 -0.191074844502625 0.848544362611517 0.0238771607624583 0.0100072650366792 2.38598265109821 0.0172573709514276 -0.0424697805017042 0.0144128662012624 -2.94665751479634 0.0032879634661822 -0.0220114635938138 0.0160124929235611 0.169242106385954 24.7417211036825 5.66973662791461e-05 -0.0100361421369344 0.00644849491596901 0.119623890023132
"L_temporalpole_thickavg" -0.08288409374257 0.0242129905141245 -3.42312502432197 0.000693293782545871 -0.116260104746838 0.0143891077489386 -8.07972994402061 2.86820446829264e-15 -0.0417240078917782 0.0173741370077419 -2.40150102840712 0.0166912497926108 -0.0765261868274313 0.0129048774850612 -5.9300204063168 4.4455059002409e-09 -0.0253705328726491 0.0136974773381432 -1.85220477072812 0.0642954570646719 -0.0681761893286059 0.016663470607357 4.28858330156464e-05 24.0353777474122 7.85810675395361e-05 -0.0677836004753541 0.00687079435692848 5.87599047765844e-23
"L_transversetemporal_surfavg" 0.00889849293479063 0.0273729889489738 0.325082984228663 0.745314742273487 0.0100157382343461 0.0151946032841278 0.659164181325383 0.510008367477243 0.00413207905132989 0.016608158713724 0.24879814328336 0.803618884639333 -0.0170700195354795 0.0102964916547435 -1.65784813972198 0.097726899056438 0.037294428965237 0.0141367567655801 2.63811775102765 0.00846823081643786 0.0074588755720629 0.0106342639248857 0.483053254483569 9.92307800188692 0.0417435499613181 0.00403923397298614 0.00649192695752446 0.533814718844577
"L_transversetemporal_thickavg" 0.0462972594040096 0.0252683646580248 1.83222222848943 0.067777680883763 0.0349819299306983 0.0157417324548979 2.22224142297717 0.0265876860436234 0.0655139455973318 0.0155846547193556 4.20374700479991 3.10947814844243e-05 0.0660721448344471 0.0150531836331403 4.38924724793672 1.28456799334092e-05 0.0159519784130694 0.0143427425440022 1.11219861641734 0.266324134388427 0.0453944699288478 0.0106813126155369 2.13869598286521e-05 8.2013386752124 0.0844751759246232 0.0448869324393766 0.0072560775547042 6.1664909069529e-10
"Left_Accumbens_area" -0.0570680306556008 0.0252482640188264 -2.26027542380926 0.0244252510373002 -0.0514991998573139 0.0161357026200598 -3.19163045266404 0.0014783331972015 -0.0422787215503017 0.0169010214071949 -2.5015483107017 0.012683071793832 -0.0148053288627476 0.0127386407576584 -1.1622377257045 0.245473800672752 -0.0713544935751919 0.0153222690053068 -4.65691429581863 3.64943538193742e-06 -0.0454878645467994 0.010923399292742 3.12365279673489e-05 8.9129779975328 0.0633118061371343 -0.0429593123646587 0.00719214628088444 2.32806278197716e-09
"Left_Amygdala" -0.214561793332782 0.0239118679859823 -8.97302517137361 1.86383162145309e-17 -0.192107385561998 0.0161104501305279 -11.9243959048649 5.85241325301873e-30 -0.117946224407874 0.0185441222429226 -6.36030235687693 4.54245910025248e-10 -0.106774380139082 0.0137720932261712 -7.75295217550362 2.63208372133062e-14 -0.142849601662377 0.0162624041171241 -8.78403959424165 6.88641672810558e-18 -0.153170412528897 0.0204649564656808 7.18081219213356e-14 26.8499478288938 2.13168459021299e-05 -0.145843719845537 0.00754566235419933 3.11363738271964e-83
"Left_Caudate" 0.029984670868152 0.0248633704638463 1.20597772179571 0.228650090407742 0.0174405765757158 0.0142537693996077 1.22357645102606 0.221526120996723 -0.00066244894824069 0.0164486085729213 -0.0402738593543561 0.967890837924466 -0.0320648396937531 0.0119029255287798 -2.69386207753921 0.00720588518877004 -0.0109304074905105 0.0134732748681592 -0.811265827905122 0.417409014095415 -0.00306469789250173 0.0106434327240514 0.773390662634805 9.81954896070599 0.0435795703386125 -0.00678141946958146 0.00662227862731989 0.305820571276766
"Left_Hippocampus" -0.261130213284942 0.0228348607692833 -11.4355947217425 6.63773461593202e-26 -0.209997731681943 0.0150003438083968 -13.99952790178 2.04479015772075e-39 -0.152383360839369 0.0189930238176484 -8.0231227161298 7.3628640293844e-15 -0.129388964969101 0.0140383536899585 -9.21681899649331 2.47189797141145e-19 -0.143283648174286 0.0164479962840712 -8.71131326270095 1.25207400390254e-17 -0.177890075880817 0.0240046357044043 1.25677047606847e-13 34.9039873449273 4.86114691723483e-07 -0.169936994484703 0.00747336622888933 1.84315220972384e-114
"Left_Pallidum" -0.0572629992155159 0.0253354428579471 -2.26019334008026 0.0244303971486024 -0.00844886629503915 0.0150512637684596 -0.561339328378793 0.574746924043837 -0.0190990075304613 0.0156929085699537 -1.21704701491915 0.224159308565936 0.00524743586778907 0.0106094160362449 0.494601762232934 0.621012461158705 -0.00208638161356341 0.0141170168355737 -0.147791961847485 0.882537199997369 -0.00810500605309511 0.00720519811946602 0.260638547447969 5.99331255494084 0.199648252851556 -0.00701531544754884 0.00646376583458217 0.277775764847202
"Left_Putamen" -0.034585757530025 0.0259307323341791 -1.33377480760302 0.183154972538422 -0.0250948705179708 0.0162453412450376 -1.54474259047261 0.122863078711438 -0.0590687947055945 0.0156291626095897 -3.77939600355499 0.000176132024194996 -0.0253666281289865 0.0131667964312853 -1.92656036427459 0.0543764185495378 -0.0478327165171661 0.0148421066502068 -3.22277137905485 0.00131123691326181 -0.0382865429874288 0.00751095690551674 3.44303911773384e-07 3.824290056024 0.430307549161388 -0.03820523559064 0.00712870859017274 8.35224775035279e-08
"Left_Thalamus_Proper" -0.107818677132113 0.0322570550679949 -3.34248358707393 0.000921114234358603 -0.0140939112163692 0.0191957871175994 -0.734218978884556 0.463062560288851 0.0196825873939762 0.0252573714827654 0.779280908443174 0.436182200864979 -0.0190284752213318 0.0149922797112754 -1.26921826351872 0.204719871664552 -0.0215480621274139 0.0185014627402233 -1.16466802814283 0.244435387219481 -0.0238796970808256 0.0158149707962154 0.131058088151057 9.98290929553385 0.0407165588027605 -0.0205047281455972 0.00890415658752829 0.0212886043912634
"R_bankssts_surfavg" -0.0504855062202064 0.0282389988861415 -1.78779376789389 0.0746843127129405 -0.0212523946481177 0.0156587103378295 -1.35722509642283 0.175149645682404 -0.00747446065785468 0.017197659087321 -0.43462081786266 0.664024815105685 -0.0398592840711795 0.0117680024358002 -3.38709005956024 0.000739695358502593 -0.036612294354992 0.0153720621169371 -2.38174254543586 0.0174200117434598 -0.0306459911415904 0.00704183862974748 1.34909178487553e-05 3.4324463528301 0.488224079555707 -0.0306459911415904 0.00704183862974748 1.34909178487553e-05
"R_bankssts_thickavg" -0.0914895387341269 0.0286243861249971 -3.19620963519043 0.00152071524590484 -0.0255554321962143 0.016298319416162 -1.5679795900228 0.117340400857677 -0.0556644047727304 0.0182341918246141 -3.05274866624962 0.00238802788678189 -0.050204276444984 0.0157131103706848 -3.19505656490822 0.00145097904910071 -0.0319526615067298 0.0155389868189175 -2.05628989065297 0.0400176044350501 -0.0439535534170396 0.0078915916039851 2.55223671870805e-08 5.19931063438008 0.267451450777914 -0.0439283974338742 0.00786054129941688 2.29079244094231e-08
"R_caudalanteriorcingulate_surfavg" 0.0260563465982857 0.0267671547636401 0.973444761999137 0.33101234665858 -0.00774300464902004 0.0147677105067904 -0.524319910351691 0.600222987670214 -0.00880914989990956 0.0160737542798348 -0.548045574577496 0.583904704914457 0.00824941589867793 0.010044380210595 0.821296658003478 0.411713716340109 -0.00677633534667111 0.0142065544915517 -0.476986545238737 0.633477507527802 0.000605168982616688 0.00636051197831487 0.924199896301262 2.41585187635754 0.659764482186528 0.000605168982616688 0.00636051197831487 0.924199896301262
"R_caudalanteriorcingulate_thickavg" 0.0435531784959626 0.0226374027864582 1.92394767663083 0.0551811826465621 -0.00296754426535058 0.0133766868943753 -0.221844488757406 0.824500020508631 0.0195084052882082 0.0149451044460483 1.30533750089425 0.192377093591559 -0.00573392554753418 0.0111877423976216 -0.512518553229574 0.608424826638911 0.00570480056079114 0.0124807651162845 0.457087406712567 0.647709009778102 0.00560241399977435 0.00620189353310856 0.366345858705534 5.1134784434802 0.275850825813537 0.00554599223371805 0.00615150958807108 0.367287429627412
"R_caudalmiddlefrontal_surfavg" 0.0786629833236709 0.026636637916772 2.9531873943498 0.00336015124259169 0.0422463156303715 0.0170322864186731 2.48036667490839 0.0133600959250292 0.00221982376275825 0.0195445767502082 0.11357747937594 0.909618238453435 0.000995199334204234 0.0114182825798146 0.0871584082148717 0.930566672114816 0.0242917225430616 0.0166713761565282 1.45709162309012 0.145409798566158 0.0249808700211974 0.0123932381957973 0.0438328770890788 10.2040815157239 0.0371267519588097 0.0190659546696746 0.00730444582970981 0.00904932795009499
"R_caudalmiddlefrontal_thickavg" 0.029008040532701 0.0350128329845292 0.82849738395972 0.407960004763279 0.00109908828977368 0.0193845525129372 0.0566991829726353 0.954801097771577 0.00675822132841795 0.0232533990278778 0.290633697048579 0.771451752667583 0.0459056716265765 0.0198222327636215 2.3158678527287 0.0208089412716885 -0.00850158953918575 0.0166208086006429 -0.511502764002524 0.609113695347902 0.0119259590741291 0.0112859426646056 0.290644339919271 5.03613004998821 0.28361037682635 0.0108902421478443 0.00932857193366386 0.243045960235478
"R_cuneus_surfavg" 0.000293798918301288 0.0308669871863499 0.00951822464977121 0.992411155750103 0.0305665446986954 0.0157383760331695 1.94216637309178 0.0525200424274025 0.0115334633532307 0.0183989177919505 0.62685552942014 0.53103947864352 0.00823554834419436 0.0109106693412323 0.754816050842229 0.45057399460613 -0.0105651776779454 0.0154860667120829 -0.682237644611329 0.495249091981433 0.00887431888076101 0.0069654750791304 0.202647968060311 3.57705707545844 0.466258775452613 0.00887431888076101 0.0069654750791304 0.202647968060311
"R_cuneus_thickavg" 0.0805926429247096 0.0250943825184387 3.21158103274676 0.00144389972127064 0.0719041751603153 0.0164912241941987 4.36014781641315 1.49614781872313e-05 0.0321355393351523 0.0155862253057766 2.06179101769061 0.0397428448631276 0.0119107942996028 0.0109522902191815 1.08751631496604 0.277125154620316 0.0392071113150605 0.0134939877271796 2.90552445338968 0.00374841851791967 0.0430808118652362 0.0123436365767785 0.000482797994506381 12.8528052695974 0.012017864103188 0.0361600647880302 0.00656392439824464 3.61063678374267e-08
"R_entorhinal_surfavg" -0.0859860028107545 0.0255030982248057 -3.3715904653153 0.000831858442230961 -0.00957964546049327 0.0147698918978737 -0.648592794499218 0.516815546715519 -0.0433857163016947 0.0158472563916191 -2.73774306602621 0.00640629941528957 -0.0308761639522905 0.00994401009049568 -3.10500126923659 0.00196756093653097 -0.012442088421087 0.0137626062291286 -0.904050309508477 0.366189773081218 -0.0308224956672567 0.00992289872525446 0.00189509290990429 9.02265556167584 0.060535687601463 -0.028506989066895 0.0062627444025856 5.31796367074344e-06
"R_entorhinal_thickavg" -0.218640588236762 0.023857760424574 -9.16433832622267 4.5127553673263e-18 -0.181722499107446 0.0133926674987225 -13.5688054022681 2.22133837799587e-37 -0.0988604182513977 0.015902078898542 -6.216823528681 1.06957613503228e-09 -0.0499229347611399 0.0110769307984712 -4.50692846867202 7.52400530101769e-06 -0.0911567204124805 0.0139182970007947 -6.54941624016757 9.28797012038708e-11 -0.126553791900092 0.0307414898549505 3.84319521711235e-05 81.089365957593 1.0237251223789e-16 -0.108365178024795 0.0063759186226978 8.79028494231718e-65
"R_frontalpole_surfavg" -0.0202195518131593 0.0238655157854219 -0.847228779589599 0.397453256633657 -0.024027717546594 0.0147653802671363 -1.62730096427473 0.104125786520389 0.0172564601649241 0.0152761783050479 1.12963202054416 0.259171866507816 0.0109709040805926 0.00980989395824559 1.11835093501405 0.263741495381704 -0.0101886953346478 0.0140502837427972 -0.725159400419292 0.468526479919756 -0.00230914900189399 0.00835050447803753 0.782142492508635 6.41517066269853 0.170214409596086 -0.000359321565399704 0.00619166441102067 0.953722251963612
"R_frontalpole_thickavg" 0.000494460915899381 0.0248371747743875 0.0199080982596006 0.984128160201558 0.0252474272974235 0.0146873267918659 1.71899404535657 0.086060105525019 0.034487394922369 0.0155889964734591 2.21229089255906 0.0273968657700302 0.00865812148661392 0.0111753622313957 0.774750858839285 0.438708073489173 0.00750902165919739 0.0126449548673538 0.59383538636297 0.552758564720158 0.0152658885822449 0.00637150576680524 0.016576788327487 3.06181113990939 0.547535270441058 0.0152658885822449 0.00637150576680524 0.016576788327487
"R_fusiform_surfavg" -0.121967222481256 0.0337823241415819 -3.61038577363981 0.00035092022850762 -0.0632469677869619 0.0189608544172596 -3.33566021842294 0.000896147751246013 -0.0569678837740103 0.0209731982586267 -2.71622301336795 0.00683139380271579 -0.0358353344345655 0.0146993113669351 -2.43789205766292 0.0149825731667997 -0.0770590237986935 0.0192504822524411 -4.00296588875958 6.72481642103033e-05 -0.0626275987990691 0.0113253299629724 3.20468769394256e-08 6.89608915333439 0.141482393382008 -0.0592934054300645 0.00868490812917061 8.660179465928e-12
"R_fusiform_thickavg" -0.11542073441475 0.0330701065643904 -3.49018332281497 0.000545122011433302 -0.0952169243330339 0.0187079692755868 -5.08964510954637 4.62107073858117e-07 -0.0250140185923579 0.0205041630741613 -1.21994828571568 0.223058429872673 -0.0956136827607647 0.0189560654011742 -5.04396248574043 5.60534332949767e-07 -0.0720733678906754 0.017629799128641 -4.08815593216752 4.70251713218138e-05 -0.0780802977557968 0.0147358804801576 1.16660946835971e-07 9.76842166272255 0.0445145935795112 -0.0769571159684297 0.00907198481106546 2.19571168731891e-17
"R_inferiorparietal_surfavg" -0.05986669189461 0.0324823161179103 -1.84305490031237 0.0661761872946001 -0.0312646497290587 0.0190485360665105 -1.6413150921359 0.101183789684628 -0.0487672917396814 0.0202276722753718 -2.4109196093244 0.016271315810159 -0.01848767262596 0.0132309214484489 -1.39730801803886 0.16269527203359 -0.0422890964971934 0.0176148471568374 -2.40076431663946 0.0165454780524273 -0.0334146347079005 0.00814244713770586 4.06492208815936e-05 2.77860709466419 0.595531123752659 -0.0334146347079005 0.00814244713770586 4.06492208815936e-05
"R_inferiorparietal_thickavg" -0.0435309428534195 0.0406106130824891 -1.07191050686673 0.284507314860885 -0.0304464454487992 0.023269239458309 -1.30844179515834 0.191155415523695 -0.108751855615297 0.0268184649806177 -4.05511112190405 5.80958986563091e-05 -0.0572695780560771 0.0232980617367761 -2.45812628977958 0.014170221644268 -0.0768914887689665 0.0224733049076884 -3.42145888576722 0.000648454930896549 -0.0643015740158 0.0138639671299794 3.51736100347656e-06 5.53026162359363 0.237082236880058 -0.0641261876632472 0.0114213805761523 1.97046965910041e-08
"R_inferiortemporal_surfavg" -0.100757690572435 0.0343183548310812 -2.9359708840466 0.00354750183113429 -0.109826097327163 0.0195458473211079 -5.61889671616127 2.78078152157194e-08 -0.0561478387035072 0.0223392680471883 -2.513414431704 0.0122695217189132 -0.0351699874290768 0.0141064223678713 -2.4931897338605 0.0128543715051855 -0.0673582583224516 0.019676927036378 -3.4232102501535 0.000644340284215985 -0.0699823283266098 0.0149241232751819 2.74263592411421e-06 10.9736461917003 0.0268617968687121 -0.063940314025845 0.00874420036245195 2.62586137614638e-13
"R_inferiortemporal_thickavg" -0.137699180661973 0.032703157395819 -4.2105775596939 3.2514986244344e-05 -0.124354536723492 0.0183717263725475 -6.76879974161339 2.76016999864768e-11 -0.0793680936676033 0.0204526853178611 -3.88057081180886 0.00011813750072321 -0.0729112396529704 0.0171893794886625 -4.24164465628677 2.46917404082725e-05 -0.0462646553025748 0.0162138483179146 -2.85340373213292 0.00441595212397639 -0.0878733241662725 0.0162646634343705 6.56400891514719e-08 13.3679545810553 0.00961106729734204 -0.0823400205174398 0.00861408742825249 1.19172493454205e-21
"R_insula_surfavg" -0.0288282893131166 0.0298871836757612 -0.964570286242683 0.335433754807476 0.0290863770706911 0.0179148422805382 1.62359102107692 0.104915911794806 0.0131708086055514 0.0198245193357718 0.664369631488905 0.50675941745441 -0.0225730084122248 0.0135078147061851 -1.67110734809597 0.0950783525215821 0.0196468723251496 0.0163450252891767 1.2020092950336 0.229648822459234 0.00382766180317418 0.011609595111937 0.741628066550387 8.136637833244 0.0866992774940174 0.0026052251682561 0.00790482949774241 0.741721976897919
"R_insula_thickavg" -0.0267739397553407 0.0250483041434692 -1.06889231310781 0.285863341164046 -0.0452449334639455 0.0162919892249443 -2.77712763243619 0.00563173399471941 -0.00878027503508154 0.0179457319589305 -0.489268147723121 0.624865999888534 -0.0755330306911795 0.0210750739541361 -3.58399836961691 0.000358158279507711 -0.0149466336208036 0.0153887061811461 -0.971272922158714 0.331650830835835 -0.0330195179351049 0.0117763230865704 0.005049008248371 7.87204463182544 0.0963794274565137 -0.0316968591220693 0.00818117020002466 0.000106902031287186
"R_isthmuscingulate_surfavg" -0.00329479609377397 0.0283284635713103 -0.116306911085386 0.907476784416593 -0.0107085509611607 0.0161791997725731 -0.661871483861261 0.508272659893443 -0.0364785847181747 0.0182570986254144 -1.99804938706939 0.0462513757173663 -0.0221633568317282 0.0108939109376 -2.03447200538717 0.0422222209952905 0.00704971247792413 0.0157976199132777 0.44625155666639 0.655513626041502 -0.0151167656321844 0.00724783264376318 0.037006293087379 4.00419650114101 0.405438212956519 -0.0152666023361214 0.00698437218020672 0.0288285470630088
"R_isthmuscingulate_thickavg" -0.015778755570431 0.0253482012417746 -0.622480286468104 0.534036114551798 -0.0406158209973769 0.0140888467060518 -2.88283504283787 0.00406268289073138 -0.0246566589433905 0.0157339534183439 -1.56709876327991 0.117722972845863 -0.00383715822721477 0.0123332509490918 -0.311123015582306 0.755785415114231 -0.0218856815284909 0.0131771784799018 -1.66087767285474 0.0970562604045348 -0.0211271978802289 0.00731156245775011 0.00385781468377317 3.97574396370262 0.409298500283592 -0.0209014076867461 0.00659853371939864 0.0015371146893043
"R_lateraloccipital_surfavg" -0.0441180377765956 0.033293356418072 -1.32513037203566 0.18600230933155 -0.0412192448745135 0.0183336842937931 -2.24827940821847 0.0248705275714481 -0.0258657188563463 0.0204374883926585 -1.26560164142468 0.206243983277444 -0.0214058938665904 0.0129670866616423 -1.65078667438158 0.0991613561118939 -0.0179194630198756 0.0183809182179942 -0.974894877794141 0.329851760990452 -0.0266630075364151 0.00811683283252634 0.00102017530912188 1.29740806053296 0.861815139052681 -0.0266630075364151 0.00811683283252634 0.00102017530912188
"R_lateraloccipital_thickavg" 0.116091812458543 0.0320763011413539 3.61923938632915 0.000339555863388212 0.0811623265850853 0.0202832753822019 4.00144084501773 6.97069734725492e-05 0.0429996808461102 0.0213837993557281 2.01085317584557 0.0448762055762804 0.0163012158851838 0.0159345314028667 1.02301194010959 0.306600989150751 0.0397648551771302 0.0172518456197981 2.30496238219848 0.0213758414205074 0.0536825497605772 0.01568545319745 0.000620613957959002 11.3977741552004 0.0224392039664754 0.0467071980559196 0.00880866839404921 1.1428191639616e-07
"R_lateralorbitofrontal_surfavg" -0.00186264946473892 0.0321606579361253 -0.0579170198706242 0.95384815920861 -0.0307566232198077 0.0180919334787421 -1.70001858872334 0.0895742032118773 0.0433986374982067 0.0227630383544675 1.90653975196106 0.0571520284135682 -0.0165714686860187 0.0154833523390191 -1.07027653464021 0.284806739217649 0.0443579541540846 0.0181817087355215 2.43970216437483 0.0148748983227056 0.00700419322308539 0.0164212664703274 0.669720342369734 13.4119084950308 0.0094290404874099 0.00403474100916287 0.00872100921197017 0.643618050004286
"R_lateralorbitofrontal_thickavg" -0.0229919228352556 0.0294010718190215 -0.782009682394663 0.434743697961444 0.00501782668667281 0.0158264489962875 0.317053224500951 0.751298296632318 0.0393179826134223 0.0172325359075747 2.28161327063534 0.0229308271045589 0.0163330208604455 0.0162932827844868 1.00243892384883 0.316424509277227 -0.0174118413707994 0.0134087549854942 -1.29854273492473 0.194404827461156 0.005830441135382 0.0110363787533964 0.597296021127964 8.14977766986052 0.08624318724195 0.00507234408652387 0.00748576118099549 0.498025997607826
"R_lingual_surfavg" 0.0229307270504137 0.0285677234500883 0.802679537642429 0.422710985802174 0.0228837983653717 0.0155966561320412 1.46722465197909 0.142766662217954 -0.00366126456954814 0.0174517988663156 -0.209792961607808 0.833914551076911 -0.00164759931248823 0.011066542697644 -0.148881123717076 0.881683688188332 -0.000969818937866228 0.0156458492468646 -0.0619857012913873 0.950586793912075 0.00444340595245646 0.00692210588737686 0.520928153685338 2.45500821902724 0.652709979264 0.00444340595245646 0.00692210588737686 0.520928153685338
"R_lingual_thickavg" 0.0465190024888766 0.0267644303300522 1.73809051473228 0.083084518060679 0.0375996156874265 0.0165003387157974 2.27871780907314 0.0229859293584933 0.0482533830219723 0.0156163543396208 3.08992623838887 0.00211334667031108 0.00446825083827866 0.0152967870679693 0.292103878966515 0.770280373600937 0.039512126850937 0.0153598515691004 2.57242895044794 0.0102442843502164 0.0335710133720946 0.00886612764390895 0.000152824232210129 4.94476770655878 0.293011768344859 0.0332251639151147 0.00752033485085542 9.95985372262286e-06
"R_medialorbitofrontal_surfavg" -0.000151385161466097 0.0361264045324411 -0.00419042978191076 0.99665894551291 -0.0168290456258948 0.0178736741153412 -0.941554910159751 0.346747244349666 0.0231912214727211 0.0215686932641679 1.07522607831086 0.282791058635733 0.00190552058706032 0.0146809528200925 0.129795430202079 0.896759802405648 -0.010315548562007 0.0192852216696046 -0.534893958634932 0.5928439094669 -0.00163280894512751 0.00864692880292531 0.850225208039111 2.30995555016626 0.678957079496256 -0.00163280894512751 0.00864692880292531 0.850225208039111
"R_medialorbitofrontal_thickavg" -0.0485836627749023 0.0268426906045851 -1.80994012450464 0.0711725858512219 0.0196445137785885 0.0144315717242283 1.36121790155458 0.173885368096238 0.0307724182758722 0.0170728958532399 1.8024135179172 0.0720812510843784 -0.00608493588837106 0.0158951774165341 -0.382816481308446 0.701954091219452 0.00627747148135655 0.0131553873240235 0.477178765378732 0.633340684296572 0.00604040879947289 0.00947610737054396 0.523841103685047 7.67068857968851 0.104413953771786 0.00747331476976284 0.00718770275286967 0.298462475902212
"R_middletemporal_surfavg" -0.0756346157258361 0.0409616361445058 -1.84647447819247 0.0656771897861931 -0.0831022641413596 0.0215706584749752 -3.85256037676221 0.000127685033749574 -0.0587725660877518 0.0231594138418714 -2.537739792943 0.0114590222787915 -0.0254952456784665 0.0156980776849178 -1.62409985414721 0.104735092027382 -0.0855202480980983 0.0212468278116066 -4.02508312565044 6.13228233194852e-05 -0.0619682177381078 0.0139627007445418 9.07457206296444e-06 7.50354832987269 0.111552928213054 -0.0575368683319723 0.00958584958112602 1.94576409189158e-09
"R_middletemporal_thickavg" -0.194277227053093 0.0360918288876463 -5.38285903044364 1.35519403438312e-07 -0.147666280124007 0.0215008979341274 -6.86791224145217 1.44594444592009e-11 -0.0724962374207119 0.0240688368101191 -3.01203743216344 0.00272614915775815 -0.0685682779584657 0.0201062092260812 -3.41030361255373 0.000680309979365216 -0.0926889682946793 0.0194898103931962 -4.75576552181528 2.27186969213924e-06 -0.11066036469713 0.0219409350174115 4.56955655842202e-07 15.5300375128234 0.00371918731557322 -0.103176106615028 0.0101205004761498 2.09253682814612e-24
"R_paracentral_surfavg" 0.0518840975179724 0.0297095867930863 1.74637560189986 0.0816331417668574 0.0199907992260039 0.0164722626529494 1.21360371960949 0.22531075952149 0.0277673983685365 0.0195492101306898 1.42038466940131 0.156117735173733 0.0218846455923282 0.0119077186394565 1.83785376989115 0.0664420739441868 0.0295688685596528 0.0165153522134174 1.79038679754165 0.073698779660539 0.0257721629292799 0.00742191813979404 0.000515750929242349 1.06550848657957 0.899705341842647 0.0257721629292799 0.00742191813979404 0.000515750929242349
"R_paracentral_thickavg" 0.12874149431826 0.0295237127767089 4.36061329047422 1.71316266999738e-05 0.108218269620338 0.0178681140331979 6.05650206951193 2.2761140611015e-09 0.0471598185794901 0.0195430856290906 2.41312039841298 0.0161745446461508 0.112971366398932 0.0172333250723387 6.55540157948175 9.75434615778633e-11 0.0850487690389109 0.0159391734863453 5.33583307263517 1.18026316469954e-07 0.0942614428163025 0.0132637759234708 1.18865541891869e-12 9.28313746525635 0.0543991602559936 0.0933237843969867 0.00839153828778769 9.8957542742994e-29
"R_parahippocampal_surfavg" -0.057677189492882 0.025283389883819 -2.28122849657096 0.0231421057527357 -0.038749092512268 0.0154827274971281 -2.50273038257991 0.012552093592292 -0.0549339225088667 0.0166135284327045 -3.3065776924742 0.00101221267618859 -0.0124002083238974 0.0100279649481004 -1.23656279096253 0.216600497069808 -0.0419317372507667 0.0147445057008918 -2.84388897813173 0.00454886672529763 -0.0366784837621466 0.00942253611986031 9.91617260959964e-05 7.40066095133352 0.116170347117146 -0.0320916726122052 0.00646803833590491 6.99230086683619e-07
"R_parahippocampal_thickavg" -0.0856308088445853 0.02329250755112 -3.67632418521928 0.000274185970647013 -0.0759875195612217 0.013661376868646 -5.56221530903076 3.80050664850295e-08 -0.0446845692248168 0.0159637457005817 -2.79912810332405 0.00532170691745067 -0.034325890374891 0.0111820833116679 -3.06972228860733 0.00221257865380347 -0.0275894718905692 0.0145007148092078 -1.9026284051218 0.0573804463245625 -0.0507656952081512 0.0108186750377554 2.70000900965107e-06 10.3268159674136 0.0352680397372239 -0.0479951385372655 0.00647136368369478 1.20218053606766e-13
"R_parsopercularis_surfavg" 0.0518148803424662 0.0267059462893936 1.94020012550706 0.0531675593779747 0.024726872696968 0.0155690150578173 1.58821046836566 0.112692900532577 0.0427560381374528 0.0174148291267355 2.45515117181443 0.014421310599314 0.00197845068273407 0.0109382891597725 0.180873869197952 0.856510842292312 0.00260666493539425 0.0153091182691889 0.170268782927912 0.864833725797851 0.0192641030080398 0.0093945872625648 0.0403104568186342 6.88179089107128 0.142268464319722 0.0160048775951012 0.00682793481100881 0.0190766851421686
"R_parsopercularis_thickavg" 0.0691867193384117 0.0301498678514511 2.29476028483096 0.0223450293002746 0.0161729119013417 0.0172461051712331 0.937771847078753 0.348686968284779 0.0400337819952176 0.0196398960984881 2.0383907223572 0.0420354363874739 0.0106343403518161 0.0185609746192212 0.572940837966745 0.56684030422621 0.0091283309472111 0.0152863705368318 0.597154892014215 0.550541209553141 0.0213894821103515 0.00840318652217934 0.0109152208480719 4.48503636654966 0.344325468933614 0.0213675711767041 0.00838092437529001 0.0107862580581108
"R_parsorbitalis_surfavg" -0.00615230725315147 0.0294605939845086 -0.208831745089273 0.834702475841434 -0.0337041226781303 0.0162078220440358 -2.0794973307677 0.0379371765976278 0.0401817176564164 0.0184779935203337 2.17457147672442 0.0301294178759222 -0.00908668085174464 0.0119076826224209 -0.763093973854774 0.445624706915127 0.00111522953875233 0.0163634724351244 0.0681535990098578 0.945677195545357 -0.00233508786168026 0.0122024806550904 0.848242197581041 9.3609747714464 0.0526836378261191 -0.00415667502423167 0.00731764178793924 0.570011353577293
"R_parsorbitalis_thickavg" 0.00275060853281803 0.0285238381946567 0.0964319217507445 0.923233370272159 0.0269011644819274 0.0147085851262815 1.8289430459127 0.0678358846233107 0.032966719024323 0.0178710290608327 1.84470177470501 0.0656710153699375 0.0111912455848237 0.0133223343361922 0.840036385697128 0.40113047555451 -0.00296987785171671 0.0136026771037628 -0.218330394014512 0.827216919117173 0.0139332726907216 0.00720025053375087 0.0529768688430933 3.65178687031819 0.455177029295294 0.0138829059337731 0.00706731276446106 0.0494857438935748
"R_parstriangularis_surfavg" 0.0188667531750313 0.0249545039459053 0.75604601141058 0.450136032596501 0.00212352222173212 0.0160852704342235 0.132016569470541 0.895009339865463 0.0197316125660369 0.0170247535458703 1.15899548929583 0.247010134871539 -0.00834991630573253 0.0103527991034461 -0.806537074881821 0.420164832023118 -0.00316863322821366 0.0150947671017088 -0.209916006445369 0.833776639371012 0.000652372539450723 0.00664605003218593 0.92180569024998 2.61723599774553 0.623772898068752 0.000652372539450723 0.00664605003218593 0.92180569024998
"R_parstriangularis_thickavg" 0.0286289402882167 0.0309719972674771 0.924349180357161 0.355948738453705 0.0639048040145515 0.0168181175022053 3.79975963458287 0.000157512099197856 0.0374627463504404 0.0176275012924505 2.12524428328846 0.0340549424466804 0.00378426959710062 0.0174529215180816 0.216827285516642 0.828396359052403 -0.00576184386288736 0.0144079545223948 -0.399907138374954 0.689311619120667 0.0247190263719258 0.0138457660019658 0.0742105574748981 11.8176044892228 0.0187604197976409 0.0227102263741659 0.00793143542754203 0.0041922882226632
"R_pericalcarine_surfavg" 0.0246179400278068 0.024821619749053 0.991794261482312 0.321990974435133 0.0231118324098941 0.0143254263404418 1.61334342592288 0.107123193358481 0.00627667231364046 0.0159982705794026 0.392334426554927 0.694977980896254 0.0112946221001356 0.00926288883549948 1.2193412120903 0.223061945392703 0.0109985504118176 0.0135573775611984 0.811259431418046 0.417412684882761 0.0134035393851182 0.00603038824254565 0.0262383248899217 0.945149530697131 0.9179958990259 0.0134035393851182 0.00603038824254565 0.0262383248899217
"R_pericalcarine_thickavg" 0.071255676421135 0.0244953471035132 2.90894740621639 0.00386089110782378 0.0512232168659702 0.0164841560873111 3.10742124708464 0.00196406641521749 0.0421316941973351 0.0148969743416852 2.82820479051514 0.00486848141606385 0.00442030371650877 0.0124462977877487 0.355150084940103 0.722567602662887 0.0438112307621385 0.0125441360782645 3.49256660552743 0.000499651712817555 0.038898035945352 0.0107187943754848 0.000284569447235762 9.91318791087334 0.0419156873775407 0.0354790770226205 0.00664260699448915 9.23651850819857e-08
"R_postcentral_surfavg" 0.0410029017059138 0.0363735752150253 1.12727169280231 0.2604087653357 0.0641735267097141 0.0202123913473386 3.17495963772559 0.0015646467401693 0.0684405920383102 0.0210515042530242 3.25110221178034 0.00122696007771801 0.0464834179613867 0.0137318364398836 3.38508386441141 0.000745047861601639 0.048285049958337 0.0191535313064631 2.52094766159616 0.0118608602732018 0.0534234648981738 0.00861008245329786 5.47816632479675e-10 1.23574266357817 0.87217948981314 0.0534234648981738 0.00861008245329786 5.47816632479675e-10
"R_postcentral_thickavg" 0.117724325014684 0.0291333453853145 4.04087904968256 6.5653558306749e-05 0.0844094634981769 0.0210453323061502 4.01084013643774 6.70493439419478e-05 0.0593795763398454 0.02049898070993 2.89670872811159 0.00393592865383019 0.0887057638241976 0.0146990306862817 6.03480363552034 2.39907824180997e-09 0.0644234865886138 0.0168935786014527 3.81348961688164 0.000145537858482246 0.0793618393872305 0.00850960067507581 1.09783183061708e-20 3.92769430134293 0.415879795680563 0.0793579369994438 0.00846726977144312 7.09573922774601e-21
"R_posteriorcingulate_surfavg" -0.0218292568909891 0.0286098170952379 -0.762998827232019 0.445983983031207 0.00973132299513712 0.0164193391292301 0.592674462628839 0.553591541687424 -0.0220979927954041 0.0182798077439972 -1.20887446437508 0.22728128727449 -0.00362907321662267 0.0115048497924161 -0.315438556965336 0.75250818031886 -0.00530945203186651 0.0165232926975326 -0.321331355018564 0.748027467108056 -0.00541075689032728 0.00722790719735277 0.454102872974321 2.03717233880155 0.72892180275459 -0.00541075689032728 0.00722790719735277 0.454102872974321
"R_posteriorcingulate_thickavg" 0.00392054731426638 0.0247689911782328 0.158284497178544 0.874324963296527 0.00114955163175457 0.0141205666812077 0.0814097378460344 0.935139509581624 0.0157317607169392 0.0161914358725721 0.971609982014533 0.3317134617194 -0.0222154535266644 0.0136531173309373 -1.62713415465384 0.104089066485855 -0.0126001713816174 0.0134447911356284 -0.937178663060615 0.348896386901963 -0.00535848404464478 0.0070335206513869 0.446149845551639 3.86367299649038 0.424769979891103 -0.0054652938075705 0.00684283216545407 0.424470849029509
"R_precentral_surfavg" 0.0167227454130482 0.0353842978948235 0.472603567343769 0.636793999966786 0.103462978180715 0.0194776696804264 5.31187661964959 1.46178746643683e-07 0.0863662849541283 0.0231570183958738 3.72959434922406 0.000213699636887336 0.0310362439903776 0.0128545559735692 2.41441587357764 0.015976355317276 0.0756163140161097 0.019702864458907 3.83783353805319 0.000132034532011026 0.0647015525396066 0.0160367253518563 5.46985819851183e-05 13.4741023736798 0.00917722364347938 0.0595770921560103 0.00847361042659374 2.05208212623421e-12
"R_precentral_thickavg" 0.102813879483679 0.0366691992541774 2.80382123348293 0.00533500352499371 0.0943079467855372 0.0198621135465304 4.74813249680628 2.49356248652228e-06 0.044236615645074 0.0239839575534005 1.84442519740876 0.0657113560041119 0.148144438175352 0.022551676045972 6.56910989113875 8.93793219881902e-11 0.0394635773386002 0.0183188848075262 2.15425653653255 0.0314620178534397 0.0843225284553789 0.0210640805771178 6.25064724334978e-05 17.1549314603781 0.00180345193170187 0.080427391222757 0.0100184847382288 9.91554427615396e-16
"R_precuneus_surfavg" 0.0319456759959553 0.0347056579425265 0.920474582238381 0.357966119798811 -0.00212808502940336 0.020356843707579 -0.104539046424523 0.916771700882232 0.00909276086809306 0.0227674539181401 0.399375393523838 0.689786812747382 -0.00802583719744688 0.0147287398247983 -0.544909971451464 0.585962171078375 0.00100310540180945 0.0195239606179416 0.0513781717469579 0.95903459512876 0.00036787214403474 0.00897824429063492 0.967316839882544 1.31559032081812 0.858724905907501 0.00036787214403474 0.00897824429063492 0.967316839882544
"R_precuneus_thickavg" 0.0416493779938027 0.0361712903103698 1.15144850063207 0.25034281198149 -0.0246579985150811 0.0218816070879996 -1.12688242759848 0.260180555011417 -0.109229470912848 0.0262332085093409 -4.16378617483843 3.68533623430881e-05 0.018252067840771 0.023018342169133 0.792935812086702 0.42804236496589 0.00298497042986523 0.0206374714083621 0.144638379906161 0.885025981392734 -0.015507206198808 0.025112262630805 0.536894897773558 18.3872287607914 0.00103655465484181 -0.0160317763802094 0.0108203046487088 0.138436596938279
"R_rostralanteriorcingulate_surfavg" 0.0468217449573693 0.0281477601317347 1.663427027168 0.0971324293383448 -0.0477886719166462 0.0154712276968734 -3.0888739312074 0.0020891190532599 -0.0153596939268989 0.0173826117217223 -0.88362405907649 0.377323004101255 0.00589572756653258 0.0110971689666611 0.531282130086056 0.59536577385567 0.00443147823631336 0.0153771284897203 0.288186330710304 0.773264739635722 -0.00477661203160058 0.0134516725934384 0.7225189596175 12.71635905974 0.0127481773031909 -0.00591371771208669 0.00688444385689181 0.390342083599638
"R_rostralanteriorcingulate_thickavg" 0.0354315287679495 0.0223561823005466 1.5848649063433 0.113910541525974 0.0323874166957874 0.0140210171434105 2.30991919947895 0.021184338259067 0.0470608678212312 0.0147814111815272 3.18378720700529 0.00154402317847423 -0.0205605131455959 0.012290321989958 -1.67290272479397 0.0947241935900642 0.0168207253046242 0.012659590427346 1.32869427341738 0.184256577695422 0.0206473098380676 0.0124657476031259 0.097656337943014 15.3596531516042 0.00401055747120384 0.0171205506554249 0.00638559707239937 0.00733762451324872
"R_rostralmiddlefrontal_surfavg" 3.78755431815426e-05 0.0366550047934822 0.00103329800104889 0.999176143111986 -0.0321167090246739 0.0209476648061784 -1.53318803417178 0.125683937960502 -0.00660105866933097 0.025658658564115 -0.257264371511724 0.797080319851387 0.00780806035709633 0.0164848114737367 0.473651783615238 0.635873100234025 0.0209539693090851 0.0201482090188606 1.03999165828934 0.298598982646047 -0.000475858706449872 0.0101969101366239 0.962778670857141 3.72202546350238 0.444930553925875 -0.000265774686870508 0.00967400091221705 0.978082403707345
"R_rostralmiddlefrontal_thickavg" -0.0186601982393557 0.0348870572852168 -0.534874526297832 0.59308018423844 0.0834749324413803 0.0206506577399236 4.0422408570551 5.88505675551094e-05 0.0369028957272134 0.0211639648191599 1.74366646526481 0.0818306468097431 0.0380431862669636 0.0215589998108239 1.76460812657291 0.0779982908496334 -0.00995434199036336 0.0148898239358837 -0.668533223309238 0.503949915280666 0.0278514610751472 0.0183613413583897 0.129303728658283 15.7772673509161 0.00333307382547766 0.024852805833498 0.00910555555656889 0.00634475234791434
"R_superiorfrontal_surfavg" 0.0676784995178933 0.0404382613883567 1.67362535367012 0.0951079938940053 0.0485916686049632 0.0223328863898389 2.17578989821359 0.0299066885822106 0.017286450960375 0.0264130423687463 0.654466483604689 0.513111638040233 0.0235081780481509 0.0156455068417487 1.50255138973327 0.133336039860938 0.0439866960098529 0.0223469093792567 1.96835702259047 0.0493070817431483 0.0342989289958064 0.0099318880195316 0.000553537144930924 2.16942620766071 0.704630407631267 0.0342989289958064 0.0099318880195316 0.000553537144930924
"R_superiorfrontal_thickavg" 0.0428667488577529 0.0426091134334794 1.00604648638549 0.315096251259499 0.0575187375337656 0.0226772406325601 2.53640813120711 0.01141705135086 0.0505237979762593 0.0257172815948297 1.96458547883291 0.0500145037557531 0.0755353131287609 0.0285687390404352 2.64398484727838 0.00834867315625725 0.024063310085441 0.0198113966817892 1.21461956831949 0.224802317783814 0.0470037570235961 0.0113370205297665 3.38272617577058e-05 2.58138871673605 0.63012354635293 0.0470037570235961 0.0113370205297665 3.38272617577058e-05
"R_superiorparietal_surfavg" 0.0177433687798641 0.0313387099281422 0.566180574138138 0.571638063628038 0.0118858565718347 0.0184472457823343 0.644316051950534 0.519582789832041 0.00401915618242524 0.0215393826781358 0.186595699722862 0.852053171518563 0.00777576887612013 0.0124198813215517 0.62607432992352 0.531438731952559 0.00149064042444401 0.0182364349367924 0.0817396837490764 0.934870326764051 0.00747010311023285 0.00800590482197637 0.350781667191039 0.298544581829225 0.989907930824957 0.00747010311023285 0.00800590482197637 0.350781667191039
"R_superiorparietal_thickavg" 0.0967123806157426 0.0317605216846812 3.04505012782548 0.00250480653147463 0.0512278986864162 0.0216480588516848 2.3663968689936 0.0182350670178704 -0.0594723551213328 0.0239225991983533 -2.48603233403779 0.0132424714779296 0.00416369362613325 0.0164912942510043 0.252478281131858 0.800734061043475 0.0335655376549341 0.0183767554859556 1.82652142705966 0.0680743028648978 0.0233438587878027 0.0244023872394487 0.338758115601716 20.4002765802528 0.000416255141593695 0.0187626096237128 0.00932071850462505 0.0441145924021226
"R_superiortemporal_surfavg" -0.0248644447353017 0.03550459663335 -0.700316215167083 0.484200474364486 0.0239862932110988 0.0196405775372486 1.2212621123594 0.222400315540397 0.00231604342844957 0.0232259258274842 0.0997180239725429 0.920608079014045 0.029286744682064 0.0149415001140568 1.96009399715571 0.0503198288198083 0.0255277273635199 0.0199027154414699 1.2826253502238 0.199925108372717 0.0197969935899663 0.00903758719012936 0.0284867214996054 2.68059664597699 0.612614194899918 0.0197969935899663 0.00903758719012936 0.0284867214996054
"R_superiortemporal_thickavg" -0.101223526210182 0.0362351495709651 -2.79351754880821 0.00550401622011339 -0.0643642435729775 0.0219454465455917 -2.93292020462016 0.00346822150981619 -0.0242978218192229 0.0245944378578364 -0.987939710583017 0.323659055624318 0.00423516175026514 0.0212605625741948 0.199202713262423 0.842153082957693 0.0165142518769254 0.0211669387409549 0.780190847577442 0.435465983928969 -0.0292483849558412 0.0202118546339755 0.147871548911729 13.341653433372 0.00972162667256274 -0.0229064577580497 0.0105788975889897 0.0303649295574367
"R_supramarginal_surfavg" 0.054031997112837 0.0315234214296104 1.7140270523454 0.0874193317818967 0.0180822863096782 0.0180028458549766 1.00441266093936 0.315528813830626 0.00534450194145759 0.0197422220663477 0.270714305790722 0.786722264263418 0.0222200546246158 0.0130326834011567 1.7049485467163 0.0885791289902822 -0.00163974642382238 0.0164966804512206 -0.0993985686193643 0.920842044411469 0.015331386681356 0.00786028185239776 0.0511179633171864 3.12417380118609 0.537264487039858 0.0153316775402271 0.00785200278947726 0.0508691725005951
"R_supramarginal_thickavg" 0.0607017500309199 0.0398597808178695 1.52288218312798 0.128701590336218 0.0273709919129131 0.023889486819308 1.14573377485829 0.252299107947038 -0.0296176271219472 0.0268351026460379 -1.10368972731767 0.270257579928671 -0.0113067707877089 0.0200813679775136 -0.563047836201685 0.573554737465019 0.0138321859290834 0.0227471429775221 0.608084538034156 0.543271586174263 0.00581029153506809 0.0119094463748314 0.625640144884525 5.30308128137354 0.257588618438122 0.00534436622610184 0.0110548414284981 0.628782473572153
"R_temporalpole_surfavg" -0.0212048239987259 0.0253558129893147 -0.836290439894864 0.403568707239888 -0.0281120511203365 0.014914790758101 -1.8848438155304 0.0598673248428975 -0.0144986382026705 0.0169773883339436 -0.853996970410507 0.393514810176123 0.0107057164572648 0.0107740671123172 0.99365600247893 0.320680657664884 -0.0337697738788801 0.013892727296953 -2.43075194359329 0.0152451297799361 -0.0155120334145296 0.0097800059216203 0.112717414863781 8.21039415323535 0.0841682067468549 -0.0125406058425678 0.00654896136985825 0.0555052633718177
"R_temporalpole_thickavg" -0.0902385893240943 0.0241363852097452 -3.7386952743719 0.000216386187921915 -0.121168577002891 0.0144176438897826 -8.40418711470322 2.42342639995625e-16 -0.0353703266107079 0.0166673138439988 -2.12213719269726 0.0343162584816265 -0.0773122719043513 0.0126196486999653 -6.12634105294578 1.38900482625841e-09 -0.0468912233204153 0.0138152338703437 -3.39416789903744 0.000715817941734816 -0.0737841644646103 0.0157315398881287 2.72929986244835e-06 20.4454793281188 0.000407773935433555 -0.0737458096198559 0.00679696080152743 1.99815770088337e-27
"R_transversetemporal_surfavg" 0.0043975960107706 0.0274508225975433 0.160199061253784 0.872817752534968 0.0208115567473401 0.0153679155648226 1.35422117980516 0.176105324657494 0.0430254633219308 0.0183639490270852 2.3429308836826 0.0195232452019531 0.0127168152689044 0.0112042564398352 1.13499859068661 0.256704359015221 0.0387647976438853 0.0151552784158958 2.55784133950495 0.01068113158932 0.0236710011665215 0.00703708560246531 0.000768909834621297 3.58596011620337 0.464928842902509 0.0235829055192883 0.00692605517882288 0.000661749817494529
"R_transversetemporal_thickavg" 0.0638069491821482 0.0256706276505504 2.48560144499545 0.0134049027337186 0.0474188625347913 0.0162054367270947 2.92610827670625 0.00354411870458155 0.033992955404451 0.0167787273751599 2.02595552358613 0.0432987727417071 0.0421894317456148 0.0147543899161368 2.85944942389468 0.00435042750575815 0.0274928483346725 0.0140998722155781 1.949865070713 0.0514756287428789 0.0394695189057042 0.00735193338010786 7.935441640507e-08 2.00148198064141 0.735486287262726 0.0394695189057042 0.00735193338010786 7.935441640507e-08
"Right_Accumbens_area" 0.00302667652990431 0.0250974810600304 0.120596824942903 0.904080383068198 -0.0518223901813879 0.0156336441390629 -3.31479914218479 0.000964636258651634 -0.037888282110247 0.0162277099201613 -2.33478921527766 0.0199485191398287 -0.0214184290085593 0.0121711972643049 -1.75976352559614 0.0788171499697964 -0.0330599433360941 0.0161463858495596 -2.04751352061836 0.0408725062836257 -0.0310304264066024 0.00708097938288845 1.17474803483432e-05 4.42826593069925 0.351138225492539 -0.0310275410190323 0.00706001664377399 1.10861783678424e-05
"Right_Amygdala" -0.186254342943579 0.0259580749093103 -7.17519860753524 4.42445722824665e-12 -0.1787665663834 0.0164301889340073 -10.8803719239885 1.43017013384069e-25 -0.130848686326079 0.0189836597906442 -6.89270076313555 1.65230130976427e-11 -0.10492136095235 0.0131471053757315 -7.98056742939217 4.84649174758899e-15 -0.141542239748055 0.0160719255641327 -8.80680035402422 5.70647505350563e-18 -0.145719751673276 0.0152077629101843 9.52462090566373e-22 16.0971088094502 0.00289158815250718 -0.139425701200056 0.00753347230323026 1.79663477298045e-76
"Right_Caudate" 0.0461953560193081 0.0251972470987886 1.833349327337 0.0676095729396978 0.0107206855371067 0.0143284120057799 0.748211702230652 0.454585218208673 0.0136308358417211 0.0159526334892211 0.854456779874697 0.393260333855503 -0.0283902438704669 0.0119955875840485 -2.36672390339758 0.0181755178703313 0.00220028768673551 0.0137524487663387 0.15999242928438 0.872919840352306 0.00421476098073747 0.0109126984814134 0.699329768063041 10.2758214430723 0.0360291728894457 -0.000315095468510741 0.00665009216627546 0.962208678769766
"Right_Hippocampus" -0.237760762493259 0.0253746761829382 -9.37000183880684 9.63405504046972e-19 -0.194241477607578 0.0150445768096445 -12.9110629076025 2.42366204556009e-34 -0.166868808414253 0.0182695754444015 -9.13369929816229 1.63445171693577e-18 -0.139044038726407 0.0134104113952995 -10.3683648940959 9.13103603017652e-24 -0.142701342780119 0.0166497402333466 -8.57078493599034 3.92848268081829e-17 -0.173124079405273 0.0169128016729256 1.36387506066159e-24 17.5211807771826 0.00153038261548443 -0.166269883534392 0.00742574454321614 4.81606131463269e-111
"Right_Pallidum" -0.0451891731826609 0.0253269212179639 -1.78423475928093 0.0752617037178168 -0.012921725086745 0.014608657499638 -0.884525158253947 0.376718242735684 0.000489456786805381 0.0160103809390826 0.0305712143057494 0.975623673514089 -0.00980939047720576 0.0107795983079739 -0.909995919787615 0.363089479232541 -0.0223242589935384 0.0138548149158629 -1.61129969105387 0.107434781813569 -0.0137654754071106 0.00646318715751858 0.0331858361919524 2.85176250341924 0.582931036382247 -0.0137640250232022 0.00646018271642773 0.0331226235879069
"Right_Putamen" -0.00645152861024143 0.0259515035589352 -0.248599415274347 0.803818150844866 -0.0323241788427067 0.0161355259380782 -2.0032925463201 0.0455331342612425 -0.0643262495618122 0.0156194840177383 -4.11833383796545 4.46359959592418e-05 -0.0295991520251403 0.0137736971468156 -2.14896201866784 0.031926701365346 -0.0342623579643713 0.0144319700877482 -2.37405965755554 0.0177845866366083 -0.0367130864634512 0.00760950592873287 1.4026008931516e-06 4.85444537478331 0.302560970533415 -0.036822256536453 0.00716172088322493 2.72499238043318e-07
"Right_Thalamus_Proper" -0.0798740403682931 0.0327512907346562 -2.43880587838248 0.0152381086885113 -0.0191287847787587 0.0208371184681702 -0.918014878495742 0.358929085574813 0.00108760194255301 0.0264051631489527 0.0411889877906757 0.967161641707419 -0.0154239173364074 0.014594929294765 -1.05679972988562 0.290911228577345 -0.0269572131134928 0.0196995946562297 -1.36841460872232 0.17149436624341 -0.0216851503480607 0.00916505184589715 0.0179780653851167 4.17113609249588 0.383340261048492 -0.0216759362160483 0.00915120404680977 0.0178534728989
